10651115
7531475
6149424
5325557
4763323
4348299
4025743
3765738
3550372
3368178
3211432
3074712
2954088
2846630
2750106
2662779
2583275
2510492
2443533
2381662
2324264
2270825
2220911
2174150
2130223
2088855
2049808
2012871
1977862
1944619
1912997
1882869
1854121
1826651
1800367
1775186
1751032
1727839
1705543
1684089
1663425
1643503
1624280
1605716
1587774
1570421
1553625
1537356
1521588
1506295
1491454
1477044
1463043
1449433
1436196
1423315
1410775
1398560
1386657
1375053
1363735
1352693
1341914
1331389
1321108
1311062
1301241
1291637
1282244
1273052
1264055
1255246
1246619
1238167
1229885
1221767
1213807
1206001
1198344
1190831
1183457
1176219
1169112
1162132
1155276
1148539
1141919
1135413
1129016
1122726
1116540
1110455
1104469
1098579
1092781
1087075
1081457
1075925
1070477
1065111
